91
3 536870911
3 268435455
3 134217727
3 67108863
3 33554431
3 16777215
3 8388607
3 4194303
3 2097151
3 1048575
3 524287
3 262143
3 131071
3 65535
3 32767
3 16383
3 8191
3 4095
3 2047
3 1023
3 511
3 255
3 127
3 63
3 31
3 15
3 7
3 3
3 1
3 0
2 0
4 536870911
2 0
4 268435455
2 0
4 134217727
2 0
4 67108863
2 0
4 33554431
2 0
4 16777215
2 0
4 8388607
2 0
4 4194303
2 0
4 2097151
2 0
4 1048575
2 0
4 524287
2 0
4 262143
2 0
4 131071
2 0
4 65535
2 0
4 32767
2 0
4 16383
2 0
4 8191
2 0
4 4095
2 0
4 2047
2 0
4 1023
2 0
4 511
2 0
4 255
2 0
4 127
2 0
4 63
2 0
4 31
2 0
4 15
2 0
4 7
2 0
4 3
2 0
4 1
2 0
4 0
2 0
