181
3 576460752303423487
3 288230376151711743
3 144115188075855871
3 72057594037927935
3 36028797018963967
3 18014398509481983
3 9007199254740991
3 4503599627370495
3 2251799813685247
3 1125899906842623
3 562949953421311
3 281474976710655
3 140737488355327
3 70368744177663
3 35184372088831
3 17592186044415
3 8796093022207
3 4398046511103
3 2199023255551
3 1099511627775
3 549755813887
3 274877906943
3 137438953471
3 68719476735
3 34359738367
3 17179869183
3 8589934591
3 4294967295
3 2147483647
3 1073741823
3 536870911
3 268435455
3 134217727
3 67108863
3 33554431
3 16777215
3 8388607
3 4194303
3 2097151
3 1048575
3 524287
3 262143
3 131071
3 65535
3 32767
3 16383
3 8191
3 4095
3 2047
3 1023
3 511
3 255
3 127
3 63
3 31
3 15
3 7
3 3
3 1
3 0
2 0
4 576460752303423487
2 0
4 288230376151711743
2 0
4 144115188075855871
2 0
4 72057594037927935
2 0
4 36028797018963967
2 0
4 18014398509481983
2 0
4 9007199254740991
2 0
4 4503599627370495
2 0
4 2251799813685247
2 0
4 1125899906842623
2 0
4 562949953421311
2 0
4 281474976710655
2 0
4 140737488355327
2 0
4 70368744177663
2 0
4 35184372088831
2 0
4 17592186044415
2 0
4 8796093022207
2 0
4 4398046511103
2 0
4 2199023255551
2 0
4 1099511627775
2 0
4 549755813887
2 0
4 274877906943
2 0
4 137438953471
2 0
4 68719476735
2 0
4 34359738367
2 0
4 17179869183
2 0
4 8589934591
2 0
4 4294967295
2 0
4 2147483647
2 0
4 1073741823
2 0
4 536870911
2 0
4 268435455
2 0
4 134217727
2 0
4 67108863
2 0
4 33554431
2 0
4 16777215
2 0
4 8388607
2 0
4 4194303
2 0
4 2097151
2 0
4 1048575
2 0
4 524287
2 0
4 262143
2 0
4 131071
2 0
4 65535
2 0
4 32767
2 0
4 16383
2 0
4 8191
2 0
4 4095
2 0
4 2047
2 0
4 1023
2 0
4 511
2 0
4 255
2 0
4 127
2 0
4 63
2 0
4 31
2 0
4 15
2 0
4 7
2 0
4 3
2 0
4 1
2 0
4 0
2 0
