120
3 576460752303423487
2 0
3 288230376151711743
2 0
3 144115188075855871
2 0
3 72057594037927935
2 0
3 36028797018963967
2 0
3 18014398509481983
2 0
3 9007199254740991
2 0
3 4503599627370495
2 0
3 2251799813685247
2 0
3 1125899906842623
2 0
3 562949953421311
2 0
3 281474976710655
2 0
3 140737488355327
2 0
3 70368744177663
2 0
3 35184372088831
2 0
3 17592186044415
2 0
3 8796093022207
2 0
3 4398046511103
2 0
3 2199023255551
2 0
3 1099511627775
2 0
3 549755813887
2 0
3 274877906943
2 0
3 137438953471
2 0
3 68719476735
2 0
3 34359738367
2 0
3 17179869183
2 0
3 8589934591
2 0
3 4294967295
2 0
3 2147483647
2 0
3 1073741823
2 0
3 536870911
2 0
3 268435455
2 0
3 134217727
2 0
3 67108863
2 0
3 33554431
2 0
3 16777215
2 0
3 8388607
2 0
3 4194303
2 0
3 2097151
2 0
3 1048575
2 0
3 524287
2 0
3 262143
2 0
3 131071
2 0
3 65535
2 0
3 32767
2 0
3 16383
2 0
3 8191
2 0
3 4095
2 0
3 2047
2 0
3 1023
2 0
3 511
2 0
3 255
2 0
3 127
2 0
3 63
2 0
3 31
2 0
3 15
2 0
3 7
2 0
3 3
2 0
3 1
2 0
3 0
2 0
