@subtask samples
manual sample1.in
manual sample2.in
manual sample3.in

@subtask s1
# usage: gen_slow M k slow_get fast_get insert remove (percentage)
# w/o remove
gen_slow 3000 1000000000 40 0 60 0
gen_slow 3000 1000000000 20 0 80 0
gen_slow 3000 1000000000 40 0 60 0
gen_slow 3000 1000000000 20 0 80 0
gen_slow 3000 1000000000 18 0 82 0
gen_slow 3000 1000000000 16 0 84 0
gen_slow 3000 1000000000 14 0 86 0
gen_slow 3000 1000000000 12 0 88 0
gen_slow 3000 1000000000 10 0 90 0
gen_slow 3000 1000000000 5 0 95 0
gen_slow 3000 1000000000 0 0 100 0 
# long long
gen_slow 3000 1000000000000000000 10 0 90 0
gen_slow 3000 1000000000000000000 5 0 95 0
gen_slow 3000 1000000000000000000 0 0 100 0 
# remove
gen_slow 3000 1000000000 20 0 60 20
gen_slow 3000 1000000000 18 0 62 20
gen_slow 3000 1000000000 16 0 64 20
gen_slow 3000 1000000000 14 0 66 20
gen_slow 3000 1000000000 12 0 68 20
gen_slow 3000 1000000000 10 0 70 20
# long long
gen_slow 3000 1000000000000000000 20 0 60 20
gen_slow 3000 1000000000000000000 10 0 70 20
@subtask s2
manual manual2-1.in
gen_fast_no_remove 1000000 1000000000 0 40 60 0
gen_fast_no_remove 1000000 1000000000 0 30 70 0
gen_fast_no_remove 1000000 1000000000 0 25 75 0
gen_fast_no_remove 1000000 1000000000 0 20 80 0
gen_fast_no_remove 1000000 1000000000 0 18 82 0
gen_fast_no_remove 1000000 1000000000 0 16 84 0
gen_fast_no_remove 1000000 1000000000 0 14 86 0
gen_fast_no_remove 1000000 1000000000 0 12 88 0
gen_fast_no_remove 1000000 1000000000 0 10 90 0
gen_fast_no_remove 1000000 1000000000 0 9 91 0
gen_fast_no_remove 1000000 1000000000 0 8 92 0
gen_fast_no_remove 1000000 1000000000 0 7 93 0
gen_fast_no_remove 1000000 1000000000 0 6 94 0
gen_fast_no_remove 1000000 1000000000 0 5 95 0
gen_fast_no_remove 1000000 1000000000 0 4 96 0
gen_fast_no_remove 1000000 1000000000 0 3 97 0
gen_fast_no_remove 1000000 1000000000 0 2 98 0
gen_fast_no_remove 1000000 1000000000 0 1 99 0
gen_fast_no_remove 1000000 1000000000 0 0 100 0
# long long
gen_fast_no_remove 1000000 1000000000000000000 0 10 90 0
gen_fast_no_remove 1000000 1000000000000000000 0 0 100 0
# worse case with all even
gen_all_even 19996 1000000000 0 0 100 0 
gen_all_even 19998 1000000000 0 0 100 0 
gen_all_even 20000 1000000000 0 0 100 0 
@subtask s3
manual manual3-1.in
# random remove
gen 1000000 1000000000 0 30 60 10
gen 1000000 1000000000 0 20 60 20
gen 1000000 1000000000 0 5 85 10
gen 1000000 1000000000 0 0 90 10
# remove more
gen_remove_more 1000000 1000000000 0 5 60 35 
gen_remove_more 1000000 1000000000 0 5 70 25 
gen_remove_more 1000000 1000000000 0 5 80 15 
gen_remove_more 1000000 1000000000 0 10 50 40 
gen_remove_more 1000000 1000000000 0 10 60 30 
gen_remove_more 1000000 1000000000 0 10 70 20 
gen_remove_more 1000000 1000000000 0 20 40 40 
gen_remove_more 1000000 1000000000 0 20 50 30 
gen_remove_more 1000000 1000000000 0 20 60 20 
gen_remove_more 1000000 1000000000 0 30 40 30 
gen_remove_more 1000000 1000000000 0 30 45 25 
gen_remove_more 1000000 1000000000 0 30 50 20 
gen_remove_more 1000000 1000000000 0 40 30 30
# long long
gen_remove_more 1000000 1000000000000000000 0 5 80 15 
gen_remove_more 1000000 1000000000000000000 0 10 70 20 
gen_remove_more 1000000 1000000000000000000 0 20 60 20 
# worse case with all even
gen_all_even 20000 1000000000 0 5 90 5 
gen_all_even 20000 1000000000 0 4 90 6 
gen_all_even 20000 1000000000 0 2 90 8 
